=== Test Accuracy ===
Accuracy: 0.9146

=== Cross-Validation Accuracy (5-fold) ===
Mean CV Accuracy: 0.8988 ± 0.0157

=== Classification Report ===
              precision    recall  f1-score   support

           0       0.94      0.90      0.92       144
           1       0.92      0.98      0.95       140
           2       0.93      0.90      0.91       130
           3       0.93      0.90      0.91       131
           4       0.98      0.97      0.98       119
           5       0.95      0.96      0.96       113
           6       0.80      0.86      0.83       134
           7       0.89      0.92      0.91       145
           8       0.91      0.78      0.84       136
           9       0.98      0.98      0.98       133
          10       0.88      0.96      0.92       120
          11       0.89      0.87      0.88       135

    accuracy                           0.91      1580
   macro avg       0.92      0.92      0.92      1580
weighted avg       0.92      0.91      0.91      1580

=== Confusion Matrix ===
130	0	0	0	0	0	11	2	0	0	1	0
0	137	0	0	0	0	1	1	0	1	0	0
0	4	117	1	0	1	1	0	0	1	2	3
1	2	0	118	0	0	1	7	1	0	1	0
0	0	0	0	116	0	0	1	0	1	1	0
0	2	2	0	0	109	0	0	0	0	0	0
7	1	5	0	0	1	115	3	1	0	0	1
0	1	0	7	0	0	2	134	0	0	1	0
0	0	1	1	1	2	8	1	106	0	7	9
0	1	0	0	0	0	0	0	0	131	1	0
1	1	0	0	1	0	0	1	0	0	115	1
0	0	1	0	0	2	5	0	9	0	1	117
